00619
00674
00728
00783
00844
00899
00957
01015
01077
01131
01190
01248
01299
01354
01409
01460
01509
01557
01602
01647
01689
01728
01764
01799
01831
01854
01880
01902
01918
01935
01947
01957
01960
01960
01960
01954
01944
01931
01912
01893
01867
01844
01815
01783
01751
01712
01670
01628
01583
01535
01489
01438
01386
01328
01277
01222
01161
01106
01048
00990
00932
00873
00815
00761
00703
00648
00593
00541
00490
00441
00396
00351
00309
00267
00232
00196
00164
00138
00112
00087
00070
00054
00041
00032
